================================================================================================================================================================
買いグリッド 2592セル（3枠×100万・≤1万円・寄指×1.01）  e1=2001-08 e2=2009-16 e3=2017-21 e4=2022-26  design=e1+e2  oos=e3+e4
================================================================================================================================================================

[現行ルールのセル]
 rsi  dev           tov  atr  tp  stop  hold  rsi_exit    n         e1       e2       e3        e4 e1_pf e2_pf e3_pf e4_pf     design       oos   total  win_years worst_year       ex20
45.0 -1.5 2,000,000,000  3.0 5.0   3.0     3      50.0 4468 -1,331,458 -246,744 -880,222 2,830,578  0.88  0.98  0.90  1.36 -1,578,202 1,950,356 372,154         11   -531,885 -1,049,613

[① 設計期間(2001-16)で最良の10セル → その2017-26(OOS)]
 rsi  dev           tov  atr  tp  stop  hold  rsi_exit    n      e1      e2         e3        e4 e1_pf e2_pf e3_pf e4_pf  design      oos     total  win_years worst_year     ex20
35.0 -5.0 2,000,000,000  3.0 5.0   3.0     5       0.0 1961 310,833 443,809   -688,616 1,174,617  1.05  1.07  0.89  1.21 754,642  486,001 1,240,643         13   -672,732 -177,241
35.0 -5.0 2,000,000,000  3.0 5.0   3.0     5      50.0 1962 310,833 439,409   -719,516 1,165,617  1.05  1.07  0.88  1.21 750,242  446,101 1,196,343         13   -679,032 -220,341
35.0 -5.0   800,000,000  3.0 3.0   4.0     5       0.0 2591 507,436 241,495   -888,513   630,950  1.06  1.03  0.88  1.09 748,931 -257,563   491,369         15   -977,406 -828,052
35.0 -5.0   800,000,000  3.0 3.0   4.0     5      50.0 2591 507,436 241,495   -888,513   630,950  1.06  1.03  0.88  1.09 748,931 -257,563   491,369         15   -977,406 -828,052
35.0 -1.5 2,000,000,000  3.0 3.0   4.0     3       0.0 2627 -70,724 765,303 -1,145,394 1,054,147  0.99  1.12  0.83  1.19 694,579  -91,246   603,333         16   -582,677 -502,696
35.0 -5.0 2,000,000,000  3.0 5.0   4.0     5       0.0 1860 259,473 429,054 -1,327,684 1,341,959  1.04  1.07  0.80  1.24 688,527   14,275   702,802         12   -896,539 -736,172
35.0 -1.5 2,000,000,000  3.0 3.0   4.0     3      50.0 2628 -70,724 756,903 -1,145,394 1,048,092  0.99  1.12  0.83  1.18 686,179  -97,301   588,878         16   -582,677 -517,151
35.0 -3.0 2,000,000,000  3.0 3.0   3.0     5       0.0 2299 169,300 516,386   -875,911 1,025,293  1.03  1.08  0.87  1.18 685,686  149,382   835,068         16   -709,791 -345,927
35.0 -5.0 2,000,000,000  3.0 5.0   4.0     5      50.0 1861 253,473 424,654 -1,358,584 1,332,959  1.04  1.07  0.79  1.24 678,127  -25,625   652,502         12   -902,839 -783,972
35.0 -3.0 2,000,000,000  3.0 3.0   3.0     5      50.0 2299 169,300 507,986   -886,921 1,025,293  1.03  1.07  0.87  1.18 677,286  138,372   815,658         16   -709,791 -365,337

[② 4期間すべてPF>1のセル: 0/2592]

[③ 26年合計で最良の10セル]
 rsi  dev           tov  atr  tp  stop  hold  rsi_exit    n         e1        e2       e3        e4 e1_pf e2_pf e3_pf e4_pf     design       oos     total  win_years worst_year     ex20
40.0 -1.5   800,000,000  3.0 0.0   2.0     3       0.0 4850 -1,150,992 1,023,237  -62,766 2,260,117  0.90  1.08  0.99  1.29   -127,755 2,197,352 2,069,597         15   -573,961  -30,478
40.0 -1.5 2,000,000,000  3.0 5.0   3.0     3       0.0 3679 -1,025,011   539,788  240,629 1,990,319  0.89  1.06  1.03  1.28   -485,223 2,230,947 1,745,724         13   -742,146  395,741
40.0 -1.5 2,000,000,000  3.0 0.0   3.0     3       0.0 3630 -1,326,594   745,044    6,826 2,284,130  0.86  1.08  1.00  1.33   -581,550 2,290,955 1,709,405         13   -767,117 -399,770
35.0 -1.5   800,000,000  3.0 3.0   2.0     5       0.0 3348   -802,690   682,978  164,781 1,639,761  0.91  1.07  1.02  1.23   -119,712 1,804,542 1,684,830         14   -574,714  264,158
40.0 -1.5 2,000,000,000  3.0 5.0   3.0     3      50.0 3700   -965,127   634,955   -2,436 1,983,417  0.90  1.07  1.00  1.27   -330,173 1,980,982 1,650,809         12   -739,596  303,326
40.0 -1.5 2,000,000,000  3.0 5.0   4.0     3      50.0 3600   -609,376   613,926 -259,180 1,892,423  0.93  1.07  0.97  1.26      4,550 1,633,244 1,637,793         15   -664,956  282,760
40.0 -1.5   800,000,000  3.0 5.0   3.0     5       0.0 3441 -1,373,252   539,651   13,808 2,444,523  0.89  1.05  1.00  1.34   -833,601 2,458,331 1,624,730         16   -578,238  -10,287
45.0 -1.5 2,000,000,000  3.0 3.0   2.0     3       0.0 4899 -1,119,152   642,210 -247,897 2,334,779  0.90  1.05  0.97  1.29   -476,941 2,086,882 1,609,941         14   -553,493  217,474
45.0 -1.5   800,000,000  3.0 5.0   2.0     5       0.0 4329   -850,927  -319,850 -303,529 3,058,128  0.94  0.98  0.97  1.41 -1,170,777 2,754,599 1,583,821         13   -677,911 -112,029
40.0 -1.5 2,000,000,000  3.0 5.0   3.0     5      50.0 2952 -1,239,698   933,735 -402,496 2,281,429  0.87  1.09  0.95  1.36   -305,963 1,878,933 1,572,970         15   -745,145  145,704

[④ 2022-26(e4)で最良の10セル（現行が居る面）]
 rsi  dev           tov  atr  tp  stop  hold  rsi_exit    n         e1         e2         e3        e4 e1_pf e2_pf e3_pf e4_pf     design       oos      total  win_years worst_year       ex20
45.0 -1.5   800,000,000  4.5 5.0   2.0     5       0.0 5304 -1,673,648   -567,244   -621,968 3,782,072  0.92  0.97  0.94  1.43 -2,240,891 3,160,105    919,213         13 -1,027,646   -977,920
50.0 -1.5 2,000,000,000  4.5 5.0   3.0     5       0.0 4342 -3,478,055 -1,062,915     -7,884 3,667,722  0.82  0.94  1.00  1.46 -4,540,970 3,659,838   -881,132          8 -1,007,775 -2,538,357
50.0 -1.5   800,000,000  4.5 5.0   2.0     5       0.0 5478 -1,666,495 -1,532,921 -1,163,485 3,485,360  0.92  0.92  0.90  1.39 -3,199,415 2,321,875   -877,540         11 -1,065,580 -2,701,607
50.0 -3.0 2,000,000,000  4.5 0.0   3.0     3       0.0 5359 -3,184,030 -1,911,699   -748,838 3,333,944  0.83  0.90  0.94  1.33 -5,095,729 2,585,107 -2,510,622         11 -1,055,663 -5,164,156
45.0 -1.5 2,000,000,000  3.0 0.0   4.0     3       0.0 4220 -1,282,538   -676,764   -713,249 3,324,509  0.88  0.95  0.92  1.47 -1,959,302 2,611,260    651,958         11   -639,811 -1,366,271
40.0 -1.5 2,000,000,000  4.5 0.0   3.0     3       0.0 4824 -1,780,700    -94,920   -223,627 3,301,219  0.89  0.99  0.98  1.38 -1,875,620 3,077,592  1,201,971         13   -811,098 -1,452,951
45.0 -1.5   800,000,000  4.5 5.0   3.0     5       0.0 4559 -2,191,986    303,389 -1,380,870 3,281,775  0.89  1.02  0.88  1.37 -1,888,597 1,900,905     12,308         12   -891,995 -1,800,217
50.0 -1.5 2,000,000,000  3.0 0.0   4.0     3       0.0 4442 -1,759,058   -123,276   -615,577 3,221,156  0.85  0.99  0.93  1.44 -1,882,334 2,605,579    723,245         11   -682,958 -1,304,184
45.0 -1.5 2,000,000,000  3.0 0.0   3.0     3       0.0 4340 -1,770,762   -205,961   -850,816 3,220,865  0.84  0.98  0.90  1.44 -1,976,723 2,370,049    393,326         11   -572,694 -1,624,703
45.0 -1.5 2,000,000,000  4.5 5.0   2.0     5      50.0 5090 -1,653,441    177,350   -552,260 3,198,292  0.91  1.01  0.95  1.36 -1,476,091 2,646,032  1,169,941         15 -1,315,032   -438,193

[⑤ 期間別に「PF>1のセル数」＝その時代に押し目買いの面がそもそも存在したか]
  e1: PF>1 38/2592  合計プラス 38/2592  中央値合計 -1,829,778
  e2: PF>1 1009/2592  合計プラス 1009/2592  中央値合計 -214,693
  e3: PF>1 218/2592  合計プラス 218/2592  中央値合計 -660,554
  e4: PF>1 2522/2592  合計プラス 2522/2592  中央値合計 1,208,338