========================================================================================================================================================================================================
フェード26年グリッド 4860評価（1番×100万＋2番×50万）  e1=2001-08 e2=2009-16 e3=2017-21 e4=2022-26 design=e1+e2 oos=e3+e4
========================================================================================================================================================================================================

[現行ルールのセル]
 gain  atr  dev  vr  rng         tov       rank   n1   n2         e1         e2        e3        e4 e1_pf e2_pf e3_pf e4_pf     design        oos      total  win_years worst_year worst_month        ex3  pf1 avg1
  7.0  5.0 12.0 6.0  5.0 300,000,000 乖離×ATR(現行) 3356 1674 10,129,909 10,533,693 6,765,711 8,106,800  1.59  1.28  1.52  1.54 20,663,602 14,872,510 35,536,113         24   -133,342    -619,561 34,463,646 1.44 0.92

[① 設計期間(2001-16)で最良の15 → その2017-26(OOS)]
 gain  atr  dev   vr  rng         tov       rank   n1   n2         e1         e2        e3        e4 e1_pf e2_pf e3_pf e4_pf     design        oos      total  win_years worst_year worst_month        ex3  pf1 avg1
  7.0  4.0  8.0 10.0  3.0 300,000,000 乖離×ATR×前日比 4191 2571 11,320,841 14,880,122 3,851,147 6,050,796  1.50  1.36  1.20  1.29 26,200,964  9,901,942 36,102,906         25    -81,368    -573,306 35,030,439 1.37 0.77
  7.0  4.0  8.0 10.0  5.0 300,000,000 乖離×ATR×前日比 4135 2496 11,556,465 14,614,326 4,256,555 6,130,442  1.52  1.36  1.22  1.30 26,170,790 10,386,997 36,557,788         25    -38,768    -805,100 35,485,321 1.38 0.78
  7.0  5.0  8.0 10.0  3.0 300,000,000 乖離×ATR×前日比 3724 2009 10,778,489 15,246,547 5,004,519 6,883,525  1.52  1.39  1.31  1.40 26,025,037 11,888,044 37,913,081         25    -18,592    -644,306 36,840,614 1.43 0.91
  7.0  4.0  8.0 10.0  5.0 300,000,000      前日比のみ 4135 2502 10,868,615 14,872,597 4,031,973 5,374,109  1.50  1.38  1.22  1.26 25,741,212  9,406,082 35,147,294         25    -61,968    -759,500 34,057,827 1.38 0.75
  7.0  4.0  8.0 10.0  3.0 300,000,000      前日比のみ 4191 2585 10,767,653 14,814,909 3,373,256 5,358,932  1.47  1.38  1.18  1.26 25,582,562  8,732,188 34,314,750         24   -104,568    -745,300 33,225,283 1.37 0.73
  8.0  4.0  8.0 10.0  3.0 300,000,000 乖離×ATR×前日比 3814 2103 11,001,614 14,303,205 3,363,482 5,707,449  1.55  1.37  1.19  1.30 25,304,819  9,070,931 34,375,749         25     -6,692    -576,939 33,303,283 1.39 0.82
  7.0  4.0  8.0 10.0  3.0 300,000,000 乖離×ATR(現行) 4191 2586 11,656,010 13,642,483 4,970,183 7,940,545  1.52  1.33  1.27  1.40 25,298,494 12,910,728 38,209,222         25     -3,068    -701,111 37,136,755 1.39 0.79
  7.0  5.0  8.0 10.0  3.0 300,000,000 乖離×ATR(現行) 3724 2022 11,074,359 14,061,549 5,918,889 8,265,943  1.55  1.36  1.39  1.50 25,135,908 14,184,832 39,320,740         26     27,108    -560,528 38,248,274 1.44 0.92
  7.0  5.0  8.0 10.0  5.0 300,000,000 乖離×ATR×前日比 3674 1966 10,823,828 14,268,355 5,259,494 7,096,175  1.54  1.37  1.33  1.42 25,092,183 12,355,669 37,447,852         25     -7,992    -793,700 36,375,386 1.42 0.90
  8.0  5.0  8.0 10.0  3.0 300,000,000 乖離×ATR×前日比 3351 1648 10,762,399 14,288,920 4,410,389 5,892,007  1.61  1.39  1.30  1.37 25,051,320 10,302,395 35,353,715         26     29,358    -647,939 34,281,249 1.44 0.95
  7.0  5.0  8.0 10.0  3.0 300,000,000      前日比のみ 3724 2041  9,903,975 15,146,815 5,137,849 6,219,633  1.48  1.40  1.33  1.36 25,050,790 11,357,482 36,408,272         24    -47,842    -710,500 35,318,805 1.42 0.86
  7.0  4.0  8.0 10.0  3.0 300,000,000      ATRのみ 4191 2574 11,303,063 13,718,455 4,336,253 7,271,389  1.50  1.35  1.23  1.37 25,021,518 11,607,642 36,629,160         25    -11,093    -512,200 35,556,693 1.40 0.77
  8.0  4.0  8.0 10.0  5.0 300,000,000 乖離×ATR×前日比 3764 2050 11,165,116 13,834,338 3,812,457 5,757,986  1.58  1.36  1.22  1.30 24,999,454  9,570,443 34,569,896         25     -2,692    -791,600 33,497,429 1.40 0.83
  7.0  4.0  8.0 10.0  5.0 300,000,000 乖離×ATR(現行) 4135 2506 11,853,743 13,004,655 5,181,119 8,071,949  1.55  1.32  1.29  1.41 24,858,398 13,253,068 38,111,466         25    -17,139    -768,561 37,039,000 1.40 0.79
  7.0  4.0  8.0 10.0  3.0 500,000,000      前日比のみ 3678 1962  9,089,087 15,758,876 2,323,087 4,019,405  1.51  1.48  1.15  1.21 24,847,963  6,342,493 31,190,456         24   -121,114    -705,300 30,146,789 1.40 0.78

[② 4期間すべてPF>1: 4859/4860]  → その中で OOS(2017-26) 上位15
 gain  atr  dev   vr  rng         tov       rank   n1   n2         e1         e2        e3        e4 e1_pf e2_pf e3_pf e4_pf     design        oos      total  win_years worst_year worst_month        ex3  pf1 avg1
  7.0  5.0  8.0  6.0  5.0 300,000,000 乖離×ATR(現行) 3594 1922 10,432,108 11,794,521 6,749,047 8,207,616  1.54  1.30  1.48  1.52 22,226,629 14,956,664 37,183,292         24    -43,346    -619,561 36,110,826 1.43 0.89
  7.0  5.0 12.0  6.0  5.0 300,000,000 乖離×ATR(現行) 3356 1674 10,129,909 10,533,693 6,765,711 8,106,800  1.59  1.28  1.52  1.54 20,663,602 14,872,510 35,536,113         24   -133,342    -619,561 34,463,646 1.44 0.92
  7.0  5.0 12.0 10.0  5.0 300,000,000 乖離×ATR(現行) 3443 1739 10,765,297 11,952,960 6,297,141 8,464,826  1.61  1.32  1.45  1.55 22,718,257 14,761,967 37,480,224         24    -83,842    -592,111 36,407,757 1.45 0.95
  7.0  5.0 12.0  6.0  3.0 300,000,000 乖離×ATR(現行) 3404 1713  9,928,761 11,349,153 6,573,736 8,113,150  1.55  1.30  1.50  1.54 21,277,914 14,686,885 35,964,799         24   -139,942    -582,528 34,892,332 1.44 0.92
  7.0  5.0 12.0 10.0  3.0 300,000,000 乖離×ATR(現行) 3489 1777 10,660,815 12,744,795 6,105,166 8,471,176  1.58  1.34  1.43  1.54 23,405,610 14,576,342 37,981,951         24    -90,442    -564,528 36,909,485 1.45 0.95
  7.0  5.0  8.0 10.0  5.0 300,000,000 乖離×ATR(現行) 3674 1982 10,992,525 13,097,747 6,164,677 8,400,343  1.56  1.34  1.41  1.51 24,090,272 14,565,020 38,655,292         25    -25,346    -597,300 37,582,826 1.43 0.91
  7.0  5.0  8.0  6.0  3.0 300,000,000 乖離×ATR(現行) 3646 1962 10,428,234 12,800,497 6,503,259 7,961,216  1.52  1.33  1.45  1.49 23,228,732 14,464,475 37,693,207         25    -14,892    -573,628 36,620,740 1.43 0.90
  7.0  5.0  8.0 10.0  3.0 300,000,000 乖離×ATR(現行) 3724 2022 11,074,359 14,061,549 5,918,889 8,265,943  1.55  1.36  1.39  1.50 25,135,908 14,184,832 39,320,740         26     27,108    -560,528 38,248,274 1.44 0.92
  7.0  5.0 12.0  6.0  3.0 300,000,000      ATRのみ 3404 1705  9,734,747 12,283,520 6,581,716 7,591,981  1.54  1.34  1.51  1.51 22,018,267 14,173,697 36,191,964         24   -143,812    -537,228 35,119,497 1.49 0.97
  7.0  5.0 12.0  6.0  5.0 300,000,000      ATRのみ 3356 1666  9,667,218 11,712,239 6,614,066 7,518,281  1.56  1.33  1.52  1.51 21,379,456 14,132,347 35,511,803         24   -137,212    -524,528 34,439,337 1.48 0.97
  7.0  5.0 12.0 10.0  3.0 300,000,000      ATRのみ 3489 1765 10,249,459 13,156,257 6,078,612 8,012,508  1.56  1.36  1.44  1.52 23,405,716 14,091,120 37,496,836         24   -113,379    -519,228 36,424,370 1.49 0.99
  7.0  5.0 12.0 10.0  5.0 300,000,000      ATRのみ 3443 1728 10,119,730 12,606,400 6,110,962 7,938,808  1.57  1.35  1.45  1.52 22,726,131 14,049,770 36,775,901         24   -118,421    -506,528 35,703,434 1.49 0.98
  7.0  5.0 16.0  6.0  5.0 300,000,000      ATRのみ 3069 1423  8,499,185 11,097,085 6,513,203 7,355,486  1.54  1.33  1.56  1.55 19,596,270 13,868,688 33,464,959         24    -39,971    -551,817 32,392,492 1.49 1.01
  7.0  5.0 16.0  6.0  5.0 300,000,000      前日比のみ 3069 1429  7,306,603 12,357,738 6,955,894 6,887,340  1.44  1.37  1.61  1.50 19,664,341 13,843,234 33,507,575         25    -61,015    -812,050 32,435,109 1.45 0.94
  7.0  4.0  8.0  6.0  5.0 300,000,000 乖離×ATR(現行) 4025 2392 11,370,973 11,953,492 5,904,456 7,920,377  1.54  1.30  1.35  1.43 23,324,464 13,824,833 37,149,297         25    -12,268    -796,011 36,076,830 1.40 0.79

[③ 26年合計 上位15]
 gain  atr  dev   vr  rng         tov       rank   n1   n2         e1         e2        e3        e4 e1_pf e2_pf e3_pf e4_pf     design        oos      total  win_years worst_year worst_month        ex3  pf1 avg1
  7.0  5.0  8.0 10.0  3.0 300,000,000 乖離×ATR(現行) 3724 2022 11,074,359 14,061,549 5,918,889 8,265,943  1.55  1.36  1.39  1.50 25,135,908 14,184,832 39,320,740         26     27,108    -560,528 38,248,274 1.44 0.92
  7.0  5.0  8.0 10.0  5.0 300,000,000 乖離×ATR(現行) 3674 1982 10,992,525 13,097,747 6,164,677 8,400,343  1.56  1.34  1.41  1.51 24,090,272 14,565,020 38,655,292         25    -25,346    -597,300 37,582,826 1.43 0.91
  7.0  4.0  8.0 10.0  3.0 300,000,000 乖離×ATR(現行) 4191 2586 11,656,010 13,642,483 4,970,183 7,940,545  1.52  1.33  1.27  1.40 25,298,494 12,910,728 38,209,222         25     -3,068    -701,111 37,136,755 1.39 0.79
  7.0  4.0  8.0 10.0  5.0 300,000,000 乖離×ATR(現行) 4135 2506 11,853,743 13,004,655 5,181,119 8,071,949  1.55  1.32  1.29  1.41 24,858,398 13,253,068 38,111,466         25    -17,139    -768,561 37,039,000 1.40 0.79
  7.0  5.0 12.0 10.0  3.0 300,000,000 乖離×ATR(現行) 3489 1777 10,660,815 12,744,795 6,105,166 8,471,176  1.58  1.34  1.43  1.54 23,405,610 14,576,342 37,981,951         24    -90,442    -564,528 36,909,485 1.45 0.95
  7.0  5.0  8.0 10.0  3.0 300,000,000 乖離×ATR×前日比 3724 2009 10,778,489 15,246,547 5,004,519 6,883,525  1.52  1.39  1.31  1.40 26,025,037 11,888,044 37,913,081         25    -18,592    -644,306 36,840,614 1.43 0.91
  7.0  5.0  8.0  6.0  3.0 300,000,000 乖離×ATR(現行) 3646 1962 10,428,234 12,800,497 6,503,259 7,961,216  1.52  1.33  1.45  1.49 23,228,732 14,464,475 37,693,207         25    -14,892    -573,628 36,620,740 1.43 0.90
  7.0  5.0 12.0 10.0  3.0 300,000,000      ATRのみ 3489 1765 10,249,459 13,156,257 6,078,612 8,012,508  1.56  1.36  1.44  1.52 23,405,716 14,091,120 37,496,836         24   -113,379    -519,228 36,424,370 1.49 0.99
  7.0  5.0 12.0 10.0  5.0 300,000,000 乖離×ATR(現行) 3443 1739 10,765,297 11,952,960 6,297,141 8,464,826  1.61  1.32  1.45  1.55 22,718,257 14,761,967 37,480,224         24    -83,842    -592,111 36,407,757 1.45 0.95
  7.0  5.0  8.0 10.0  5.0 300,000,000 乖離×ATR×前日比 3674 1966 10,823,828 14,268,355 5,259,494 7,096,175  1.54  1.37  1.33  1.42 25,092,183 12,355,669 37,447,852         25     -7,992    -793,700 36,375,386 1.42 0.90
  7.0  5.0  8.0 10.0  3.0 300,000,000      ATRのみ 3724 2016 10,362,353 14,148,429 5,266,769 7,522,848  1.51  1.38  1.34  1.46 24,510,782 12,789,617 37,300,399         25    -19,854    -511,328 36,227,933 1.44 0.87
  7.0  5.0  8.0  6.0  5.0 300,000,000 乖離×ATR(現行) 3594 1922 10,432,108 11,794,521 6,749,047 8,207,616  1.54  1.30  1.48  1.52 22,226,629 14,956,664 37,183,292         24    -43,346    -619,561 36,110,826 1.43 0.89
  7.0  4.0  8.0  6.0  3.0 300,000,000 乖離×ATR(現行) 4087 2470 11,175,831 12,497,320 5,665,290 7,840,806  1.51  1.31  1.33  1.42 23,673,152 13,506,096 37,179,248         25    -54,868    -728,561 36,106,781 1.39 0.78
  7.0  4.0  8.0  6.0  5.0 300,000,000 乖離×ATR(現行) 4025 2392 11,370,973 11,953,492 5,904,456 7,920,377  1.54  1.30  1.35  1.43 23,324,464 13,824,833 37,149,297         25    -12,268    -796,011 36,076,830 1.40 0.79
  7.0  4.0 12.0 10.0  3.0 300,000,000      ATRのみ 3907 2225 11,163,587 13,119,586 5,445,133 7,318,508  1.55  1.34  1.33  1.39 24,283,172 12,763,641 37,046,813         23   -282,539    -503,828 35,974,346 1.44 0.86

[④ 現行の各軸を1つずつ動かした近傍（並び順=現行）]
  -- gain
 gain  atr  dev  vr  rng         tov       rank   n1   n2         e1         e2        e3        e4 e1_pf e2_pf e3_pf e4_pf     design        oos      total  win_years worst_year worst_month        ex3  pf1 avg1
  7.0  5.0 12.0 6.0  5.0 300,000,000 乖離×ATR(現行) 3356 1674 10,129,909 10,533,693 6,765,711 8,106,800  1.59  1.28  1.52  1.54 20,663,602 14,872,510 35,536,113         24   -133,342    -619,561 34,463,646 1.44 0.92
  8.0  5.0 12.0 6.0  5.0 300,000,000 乖離×ATR(現行) 3022 1383  9,586,640  9,922,005 5,735,386 6,970,450  1.64  1.28  1.48  1.51 19,508,645 12,705,836 32,214,482         24   -101,392    -776,300 31,142,015 1.43 0.93
 10.0  5.0 12.0 6.0  5.0 300,000,000 乖離×ATR(現行) 2414  934  7,595,774  9,222,233 5,257,821 5,137,923  1.67  1.29  1.57  1.41 16,818,007 10,395,745 27,213,752         22   -292,727    -593,700 26,074,685 1.42 1.00
  -- atr
 gain  atr  dev  vr  rng         tov       rank   n1   n2         e1         e2        e3        e4 e1_pf e2_pf e3_pf e4_pf     design        oos      total  win_years worst_year worst_month        ex3  pf1 avg1
  7.0  4.0 12.0 6.0  5.0 300,000,000 乖離×ATR(現行) 3736 2072 10,590,788 10,438,766 6,221,206 7,381,109  1.56  1.27  1.41  1.42 21,029,555 13,602,315 34,631,870         24   -244,906    -796,011 33,559,403 1.39 0.79
  7.0  5.0 12.0 6.0  5.0 300,000,000 乖離×ATR(現行) 3356 1674 10,129,909 10,533,693 6,765,711 8,106,800  1.59  1.28  1.52  1.54 20,663,602 14,872,510 35,536,113         24   -133,342    -619,561 34,463,646 1.44 0.92
  7.0  6.0 12.0 6.0  5.0 300,000,000 乖離×ATR(現行) 2864 1295  8,665,612 10,271,849 6,203,596 6,902,012  1.59  1.29  1.58  1.56 18,937,460 13,105,608 32,043,068         24    -61,595    -593,711 30,970,601 1.44 0.98
  -- dev
 gain  atr  dev  vr  rng         tov       rank   n1   n2         e1         e2        e3        e4 e1_pf e2_pf e3_pf e4_pf     design        oos      total  win_years worst_year worst_month        ex3  pf1 avg1
  7.0  5.0  8.0 6.0  5.0 300,000,000 乖離×ATR(現行) 3594 1922 10,432,108 11,794,521 6,749,047 8,207,616  1.54  1.30  1.48  1.52 22,226,629 14,956,664 37,183,292         24    -43,346    -619,561 36,110,826 1.43 0.89
  7.0  5.0 12.0 6.0  5.0 300,000,000 乖離×ATR(現行) 3356 1674 10,129,909 10,533,693 6,765,711 8,106,800  1.59  1.28  1.52  1.54 20,663,602 14,872,510 35,536,113         24   -133,342    -619,561 34,463,646 1.44 0.92
  7.0  5.0 16.0 6.0  5.0 300,000,000 乖離×ATR(現行) 3069 1424  8,554,974  9,721,930 6,534,854 7,265,726  1.54  1.27  1.55  1.52 18,276,904 13,800,580 32,077,484         23   -608,450    -824,300 31,005,017 1.42 0.91
  7.0  5.0 20.0 6.0  5.0 300,000,000 乖離×ATR(現行) 2798 1210  7,480,275  8,506,834 6,245,501 6,690,085  1.51  1.25  1.58  1.52 15,987,109 12,935,586 28,922,695         23   -317,390    -828,800 27,850,228 1.41 0.93
  -- vr
 gain  atr  dev   vr  rng         tov       rank   n1   n2         e1         e2        e3        e4 e1_pf e2_pf e3_pf e4_pf     design        oos      total  win_years worst_year worst_month        ex3  pf1 avg1
  7.0  5.0 12.0  4.0  5.0 300,000,000 乖離×ATR(現行) 3201 1516 10,093,695  9,953,203 4,588,226 7,638,854  1.63  1.28  1.37  1.57 20,046,898 12,227,080 32,273,978         23   -670,066    -671,711 31,134,912 1.44 0.91
  7.0  5.0 12.0  6.0  5.0 300,000,000 乖離×ATR(現行) 3356 1674 10,129,909 10,533,693 6,765,711 8,106,800  1.59  1.28  1.52  1.54 20,663,602 14,872,510 35,536,113         24   -133,342    -619,561 34,463,646 1.44 0.92
  7.0  5.0 12.0 10.0  5.0 300,000,000 乖離×ATR(現行) 3443 1739 10,765,297 11,952,960 6,297,141 8,464,826  1.61  1.32  1.45  1.55 22,718,257 14,761,967 37,480,224         24    -83,842    -592,111 36,407,757 1.45 0.95
  -- rng
 gain  atr  dev  vr  rng         tov       rank   n1   n2         e1         e2        e3        e4 e1_pf e2_pf e3_pf e4_pf     design        oos      total  win_years worst_year worst_month        ex3  pf1 avg1
  7.0  5.0 12.0 6.0  3.0 300,000,000 乖離×ATR(現行) 3404 1713  9,928,761 11,349,153 6,573,736 8,113,150  1.55  1.30  1.50  1.54 21,277,914 14,686,885 35,964,799         24   -139,942    -582,528 34,892,332 1.44 0.92
  7.0  5.0 12.0 6.0  5.0 300,000,000 乖離×ATR(現行) 3356 1674 10,129,909 10,533,693 6,765,711 8,106,800  1.59  1.28  1.52  1.54 20,663,602 14,872,510 35,536,113         24   -133,342    -619,561 34,463,646 1.44 0.92
  7.0  5.0 12.0 6.0  8.0 300,000,000 乖離×ATR(現行) 2998 1344  9,378,277  9,111,797 6,082,913 6,837,255  1.66  1.26  1.52  1.48 18,490,075 12,920,168 31,410,243         24   -320,712    -776,300 30,337,776 1.42 0.94
  -- tov
 gain  atr  dev  vr  rng           tov       rank   n1   n2         e1         e2        e3        e4 e1_pf e2_pf e3_pf e4_pf     design        oos      total  win_years worst_year worst_month        ex3  pf1 avg1
  7.0  5.0 12.0 6.0  5.0   300,000,000 乖離×ATR(現行) 3356 1674 10,129,909 10,533,693 6,765,711 8,106,800  1.59  1.28  1.52  1.54 20,663,602 14,872,510 35,536,113         24   -133,342    -619,561 34,463,646 1.44 0.92
  7.0  5.0 12.0 6.0  5.0   500,000,000 乖離×ATR(現行) 2904 1272  7,625,436 10,747,022 4,320,304 6,675,866  1.54  1.34  1.40  1.50 18,372,458 10,996,170 29,368,628         24    -58,121    -859,200 28,344,962 1.42 0.89
  7.0  5.0 12.0 6.0  5.0 1,000,000,000 乖離×ATR(現行) 2145  778  5,108,725 12,359,592 2,855,589 3,666,876  1.59  1.62  1.39  1.33 17,468,317  6,522,465 23,990,782         22   -210,321    -556,567 22,982,182 1.53 1.04

[⑤ 並び順だけ変えた場合（入口=現行）]
 gain  atr  dev  vr  rng         tov       rank   n1   n2         e1         e2        e3        e4 e1_pf e2_pf e3_pf e4_pf     design        oos      total  win_years worst_year worst_month        ex3  pf1 avg1
  7.0  5.0 12.0 6.0  5.0 300,000,000 乖離×ATR(現行) 3356 1674 10,129,909 10,533,693 6,765,711 8,106,800  1.59  1.28  1.52  1.54 20,663,602 14,872,510 35,536,113         24   -133,342    -619,561 34,463,646 1.44 0.92
  7.0  5.0 12.0 6.0  5.0 300,000,000       乖離のみ 3356 1656  9,358,795  9,398,778 6,298,633 7,059,719  1.53  1.24  1.47  1.46 18,757,573 13,358,352 32,115,925         24 -1,143,809  -1,088,100 30,976,858 1.39 0.84
  7.0  5.0 12.0 6.0  5.0 300,000,000      ATRのみ 3356 1666  9,667,218 11,712,239 6,614,066 7,518,281  1.56  1.33  1.52  1.51 21,379,456 14,132,347 35,511,803         24   -137,212    -524,528 34,439,337 1.48 0.97
  7.0  5.0 12.0 6.0  5.0 300,000,000      前日比のみ 3356 1671  8,755,555 12,851,099 6,778,276 6,605,243  1.49  1.36  1.53  1.43 21,606,654 13,383,519 34,990,173         25   -156,192    -615,317 33,917,706 1.44 0.91
  7.0  5.0 12.0 6.0  5.0 300,000,000 乖離×ATR×前日比 3356 1661  9,754,761 11,553,344 6,304,744 6,937,652  1.56  1.31  1.47  1.44 21,308,105 13,242,396 34,550,501         25   -104,842    -832,522 33,478,034 1.42 0.91

[⑥ 時代別に PF>1 の評価数]
  e1: 4860/4860  中央値 5,960,093
  e2: 4860/4860  中央値 10,143,191
  e3: 4859/4860  中央値 3,147,528
  e4: 4860/4860  中央値 4,205,199