========================================================================================================================
売りフェード 現行ルール × 26年（1番×100万 / 2番×50万）  ※2016以前は貸借フィルタ無し・ユニバースは現存銘柄
========================================================================================================================

[1番×100万]
y         2001       2002       2003        2004       2005        2006        2007       2008       2009       2010        2011       2012     2013        2014      2015        2016       2017       2018        2019        2020        2021       2022       2023        2024        2025      2026
n        69.00      38.00     124.00      111.00     173.00      101.00      126.00     145.00     127.00      75.00      110.00     135.00   222.00      203.00     185.0      198.00     119.00      97.00       86.00      160.00      124.00      114.0      92.00      132.00      145.00     145.0
win%     53.60      57.90      57.30       60.40      55.50       66.30       71.40      55.20      56.70      57.30       69.10      59.30    51.40       65.00      58.4       59.60      56.30      55.70       59.30       55.60       65.30       65.8      62.00       59.80       61.40      56.6
avg%     -0.03       0.57       0.62        0.87       0.43        1.98        2.41       0.55       0.49      -0.42        1.67       0.67    -0.06        1.45       0.5        0.84       0.84       0.48        1.27        0.89        1.99        1.2       1.23        1.79        1.25       0.6
yen  -30594.00  204842.00  771469.00  1022012.00  800143.00  1717536.00  2819575.00  799946.00  547006.00 -236512.00  1806621.00  933958.00  8650.00  2741548.00  748300.0  1579374.00  998827.00  337419.00  1045625.00  1410232.00  2386760.00  1494160.0  963275.00  2333583.00  1755000.00  866887.0
  2001-08: n=  887 勝率=59.8% PF=1.52 合計=   +8,104,928 勝ち年=7/8 最悪年=     -30,594 最悪月=  -391,200 平均%=+0.958
  2009-16: n= 1255 勝率=59.2% PF=1.26 合計=   +8,128,944 勝ち年=7/8 最悪年=    -236,512 最悪月=  -554,850 平均%=+0.672
  2017-21: n=  586 勝率=58.4% PF=1.55 合計=   +6,178,863 勝ち年=5/5 最悪年=    +337,419 最悪月=  -341,200 平均%=+1.098
  2022-26: n=  628 勝率=60.8% PF=1.57 合計=   +7,412,905 勝ち年=5/5 最悪年=    +866,887 最悪月=  -372,200 平均%=+1.200
  26年: n=3356 PF=1.42 合計=+29,825,640 勝ち年=24/26

[2番×50万]
y         2001      2002       2003       2004       2005       2006       2007       2008      2009       2010      2011       2012       2013       2014       2015       2016       2017      2018      2019       2020      2021      2022      2023      2024       2025      2026
n        25.00      9.00      52.00      48.00      92.00      38.00      50.00      76.00     67.00      19.00     35.00      50.00     193.00     149.00     105.00     128.00      49.00     33.00     17.00      99.00     51.00     54.00      26.0     49.00      63.00      97.0
win%     44.00     77.80      59.60      72.90      60.90      63.20      64.00      64.50     41.80      57.90     62.90      58.00      58.50      62.40      63.80      60.20      71.40     57.60     58.80      48.50     66.70     48.10      65.4     51.00      60.30      50.5
avg%     -0.52      1.88       0.89       2.39       0.99       2.88       0.83       1.28     -0.33       1.06     -0.14       1.58       0.25       1.02       1.25       1.03       2.43      0.51      0.75      -0.39      0.42     -0.25       2.5     -0.29       0.43       0.9
yen  -32527.00  70802.00  153241.00  489729.00  299776.00  481964.00  119833.00  442162.00 -82778.00  103170.00 -28934.00  364475.00  261834.00  639618.00  607905.00  539458.00  533307.00  60963.00  68200.00 -165377.00  89756.00 -30767.00  257900.0 -12683.00  146252.00  333193.0
  2001-08: n=  390 勝率=62.8% PF=1.90 合計=   +2,024,981 勝ち年=7/8 最悪年=     -32,527 最悪月=   -77,900 平均%=+1.291
  2009-16: n=  746 勝率=59.0% PF=1.33 合計=   +2,404,749 勝ち年=6/8 最悪年=     -82,778 最悪月=  -160,998 平均%=+0.717
  2017-21: n=  249 勝率=58.6% PF=1.30 合計=     +586,848 勝ち年=4/5 最悪年=    -165,377 最悪月=  -103,160 平均%=+0.528
  2022-26: n=  289 勝率=53.6% PF=1.24 合計=     +693,895 勝ち年=3/5 最悪年=     -30,767 最悪月=  -176,900 平均%=+0.526
  26年: n=1674 PF=1.41 合計=+5,710,473 勝ち年=20/26

[合算]
y         2001       2002      2003        2004        2005        2006        2007       2008      2009       2010        2011        2012       2013        2014        2015        2016       2017       2018        2019       2020        2021        2022        2023        2024       2025        2026
n        94.00      47.00     176.0      159.00      265.00      139.00      176.00      221.0     194.0      94.00      145.00      185.00     415.00      352.00      290.00      326.00      168.0     130.00      103.00      259.0      175.00      168.00      118.00      181.00      208.0      242.00
win%     51.10      61.70      58.0       64.20       57.40       65.50       69.30       58.4      51.5      57.40       67.60       58.90      54.70       63.90       60.30       59.80       60.7      56.20       59.20       52.9       65.70       60.10       62.70       57.50       61.1       54.10
avg%     -0.16       0.82       0.7        1.33        0.62        2.22        1.96        0.8       0.2      -0.12        1.23        0.92       0.09        1.27        0.77        0.91        1.3       0.49        1.18        0.4        1.53        0.74        1.51        1.23        1.0        0.72
yen  -63121.00  275644.00  924710.0  1511741.00  1099919.00  2199500.00  2939408.00  1242108.0  464228.0 -133342.00  1777687.00  1298433.00  270484.00  3381167.00  1356205.00  2118832.00  1532133.0  398381.00  1113825.00  1244855.0  2476516.00  1463393.00  1221175.00  2320900.00  1901252.0  1200080.00
  2001-08: n= 1277 勝率=60.7% PF=1.62 合計=  +10,129,909 勝ち年=7/8 最悪年=     -63,121 最悪月=  -373,800 平均%=+1.060
  2009-16: n= 2001 勝率=59.1% PF=1.28 合計=  +10,533,693 勝ち年=7/8 最悪年=    -133,342 最悪月=  -619,561 平均%=+0.689
  2017-21: n=  835 勝率=58.4% PF=1.48 合計=   +6,765,711 勝ち年=5/5 最悪年=    +398,381 最悪月=  -262,300 平均%=+0.928
  2022-26: n=  917 勝率=58.6% PF=1.46 合計=   +8,106,800 勝ち年=5/5 最悪年=  +1,200,080 最悪月=  -383,550 平均%=+0.988
  26年: n=5030 PF=1.41 合計=+35,536,113 勝ち年=24/26

[候補レベル] 現行条件の全候補の平均%（選定前）
          n   avg%  win%    PF
era                           
01-08  1934  0.862  60.0  1.51
09-16  3667  0.675  59.5  1.30
17-21  1131  0.758  57.8  1.41
22-26  1631  0.493  56.3  1.22