
=== jquants ===
  銘柄 5367 / 最古 2016-07-19
  [pool] 11,124件 / 3727銘柄走査 / NOFILL 2,179

=== tachibana ===
  銘柄 3696 / 最古 2001-01-04
  [pool] 18,550件 / 3676銘柄走査 / NOFILL 4,206

====================================================================================================
極み買い 現行ルール × 20年（3枠×100万・値がさ≤1万）  yen=円損益 / win%=勝率 / avg%=平均損益%
====================================================================================================

[jquants] 決算±3除外＋dc1.2（本番同一・2016以前はデータ無し＝素通し）
        n   win%  avg%         yen
y                                 
2017  234  49.15  0.08   188025.49
2018  219  53.42  0.11   229621.64
2019  182  51.10  0.16   232805.03
2020  143  43.36 -0.28  -370109.78
2021  205  47.80  0.06   106997.59
2022  191  53.40  0.15   258131.61
2023  206  50.00  0.12   192379.15
2024  216  61.11  0.55  1031267.49
2025  208  57.69  0.54  1005345.71
2026  110  54.55  0.08    72905.68
  2017-21: n=  983 PF=1.05 合計=      +387,340 勝ち年=4/5 最悪年=    -370,110 平均%=+0.044
  2022-26: n=  931 PF=1.37 合計=    +2,560,030 勝ち年=5/5 最悪年=     +72,906 平均%=+0.313
  全期間: n=1914 PF=1.20 合計=+2,947,370 勝ち年=9/10

[jquants] フィルタ無し（2001〜2016と同じ土俵）
        n   win%  avg%        yen
y                                
2017  239  46.44  0.01   24377.13
2018  225  50.22 -0.03  -42290.53
2019  185  49.19  0.08   97329.69
2020  146  44.52 -0.29 -426903.39
2021  207  46.86 -0.00    8552.31
2022  195  55.38  0.21  346492.32
2023  216  51.85  0.22  411377.20
2024  226  56.19  0.32  630006.48
2025  224  54.91  0.43  899656.34
2026  119  51.26  0.13  111236.45
  2017-21: n= 1002 PF=0.96 合計=      -338,935 勝ち年=3/5 最悪年=    -426,903 平均%=-0.033
  2022-26: n=  980 PF=1.32 合計=    +2,398,769 勝ち年=5/5 最悪年=    +111,236 平均%=+0.279
  全期間: n=1982 PF=1.13 合計=+2,059,834 勝ち年=8/10

[tachibana] 決算±3除外＋dc1.2（本番同一・2016以前はデータ無し＝素通し）
        n   win%  avg%         yen
y                                 
2001   59  55.93  0.47   209442.42
2002   83  49.40 -0.02   -24574.18
2003   84  44.05 -0.44  -351454.98
2004  148  45.27 -0.08  -113853.34
2005  174  44.83  0.05   120426.94
2006  171  43.27 -0.31  -479075.72
2007  190  44.21 -0.08  -180220.89
2008   81  48.15  0.19   135813.15
2009   90  38.89 -0.62  -505560.04
2010  147  45.58 -0.17  -196743.54
2011  160  50.00 -0.17  -237702.53
2012  166  44.58 -0.03    -8505.49
2013  110  60.00  0.82   814688.40
2014  173  49.71 -0.03   -44195.94
2015  170  50.00  0.05   104623.50
2016  139  47.48 -0.03   -37414.65
2017  234  49.15  0.08   187117.41
2018  218  53.21  0.09   199679.32
2019  179  49.16  0.11   158115.61
2020  115  38.26 -0.50  -532111.37
2021  204  47.55  0.03    65749.95
2022  191  53.40  0.15   253135.88
2023  206  50.00  0.12   182337.83
2024  215  61.40  0.54  1018194.76
2025  208  57.69  0.54  1012535.90
2026  114  55.26  0.13   120303.34
  2001-08: n=  990 PF=0.93 合計=      -683,497 勝ち年=3/8 最悪年=    -479,076 平均%=-0.067
  2009-16: n= 1155 PF=0.99 合計=      -110,810 勝ち年=2/8 最悪年=    -505,560 平均%=-0.020
  2017-21: n=  950 PF=1.01 合計=       +78,551 勝ち年=4/5 最悪年=    -532,111 平均%=+0.006
  2022-26: n=  934 PF=1.38 合計=    +2,586,508 勝ち年=5/5 最悪年=    +120,303 平均%=+0.318
  全期間: n=4029 PF=1.05 合計=+1,870,752 勝ち年=14/26

[tachibana] フィルタ無し（2001〜2016と同じ土俵）
        n   win%  avg%        yen
y                                
2001   59  55.93  0.47  209442.42
2002   83  49.40 -0.02  -24574.18
2003   84  44.05 -0.44 -351454.98
2004  148  45.27 -0.08 -113853.34
2005  174  44.83  0.05  120426.94
2006  171  43.27 -0.31 -479075.72
2007  190  44.21 -0.08 -180220.89
2008   81  48.15  0.19  135813.15
2009   90  38.89 -0.62 -505560.04
2010  147  45.58 -0.17 -196743.54
2011  160  50.00 -0.17 -237702.53
2012  166  44.58 -0.03   -8505.49
2013  110  60.00  0.82  814688.40
2014  173  49.71 -0.03  -44195.94
2015  170  50.00  0.05  104623.50
2016  144  48.61  0.00  -14695.40
2017  239  46.44  0.01   23922.82
2018  224  50.00 -0.05  -71981.78
2019  183  48.09  0.05   55269.54
2020  118  39.83 -0.37 -418482.18
2021  207  46.86 -0.00   -5892.98
2022  195  55.38  0.21  343260.29
2023  216  50.93  0.18  321296.76
2024  226  56.64  0.33  668972.43
2025  224  54.91  0.43  904069.31
2026  124  52.42  0.18  177489.96
  2001-08: n=  990 PF=0.93 合計=      -683,497 勝ち年=3/8 最悪年=    -479,076 平均%=-0.067
  2009-16: n= 1160 PF=0.99 合計=       -88,091 勝ち年=2/8 最悪年=    -505,560 平均%=-0.016
  2017-21: n=  971 PF=0.95 合計=      -417,165 勝ち年=2/5 最悪年=    -418,482 平均%=-0.046
  2022-26: n=  985 PF=1.32 合計=    +2,415,089 勝ち年=5/5 最悪年=    +177,490 平均%=+0.281
  全期間: n=4106 PF=1.03 合計=+1,226,337 勝ち年=12/26

[データ源突合 2017-26 本番同一フィルタ] J-Quants +2,947,370 (n=1914)  vs  立花 +2,665,059 (n=1884)  公式基準 +3,108,516
