■ ①100万だけ・大型除外・2017-01〜2026-09-01 (①の候補 1063 件)
        執行  約定率   玉数   勝率   PF  一玉平均万  十年万  年平均万  前半17_21  後半22_26  y2026  最悪年  DD万  最悪日万  最悪5日万  負け10万超日  六十日で15万割れ率
        寄成  100 1063 61.0 1.74   1.42 1505 155.7      654      852    136   27  -68 -33.0  -40.6       60        32.8
       +0%   86  916 63.1 1.89   1.68 1536 158.8      696      839    127   45  -65 -33.0  -40.2       53        25.9
     +0.5%   82  867 64.6 1.92   1.75 1513 156.5      687      826    128   57  -63 -33.0  -42.2       52        25.5
       +1%   77  817 64.0 1.94   1.81 1475 152.5      654      821    127   31  -63 -33.0  -42.2       50        27.3
     +1.5%   74  783 64.1 1.99   1.90 1489 154.0      702      788    121   40  -66 -33.0  -42.2       48        27.7
       +2%   69  734 64.3 2.02   2.00 1469 151.9      690      779    140   34  -66 -33.0  -45.2       48        29.5
     +2.5%   65  695 64.6 2.11   2.18 1518 157.0      722      796    153   43  -65 -33.0  -45.2       47        29.2
       +3%   61  648 65.3 2.13   2.26 1467 151.7      634      834    175   45  -77 -33.0  -45.2       46        26.9
       +4%   51  542 62.9 2.07   2.31 1251 129.4      518      734    143   40  -75 -33.0  -45.2       44        25.5
       +5%   44  466 62.0 2.09   2.49 1160 120.0      464      696    128   24  -72 -33.0  -45.2       41        26.6
+0% 0.3%抜け   84  892 62.1 1.81   1.56 1388 143.5      626      763    107   41  -65 -33.0  -40.2       53        29.9
+1% 0.3%抜け   74  788 62.7 1.85   1.70 1336 138.2      608      728    110   20  -67 -33.0  -42.2       50        30.7
+2% 0.3%抜け   66  700 62.6 1.91   1.86 1302 134.7      625      677    130   31  -66 -33.0  -45.2       48        33.0
+3% 0.3%抜け   56  593 62.2 1.93   2.02 1200 124.1      497      702    143   18  -77 -33.0  -45.2       46        30.5

■ 区分別: 寄りで約定=寄成と同じ玉 / 場中約定=指値の分だけ高く売れた玉 / 見送り=寄成なら取れた玉
   執行  区分  件数  実際の一玉万  寄成なら一玉万  合計差万
  +0%  寄り 577    1.95     1.95     0
  +0%  場中 339    1.21    -0.54   595
  +0% 見送り 147    0.00     3.84  -564
+0.5%  寄り 466    2.23     2.23     0
+0.5%  場中 401    1.19    -0.69   753
+0.5% 見送り 196    0.00     3.80  -745
  +1%  寄り 411    2.46     2.46     0
  +1%  場中 406    1.15    -0.95   850
  +1% 見送り 246    0.00     3.58  -880
+1.5%  寄り 364    2.60     2.60     0
+1.5%  場中 419    1.29    -1.00   963
+1.5% 見送り 280    0.00     3.50  -979
  +2%  寄り 304    2.94     2.94     0
  +2%  場中 430    1.34    -1.07  1034
  +2% 見送り 329    0.00     3.25 -1071
+2.5%  寄り 259    3.07     3.07     0
+2.5%  場中 436    1.66    -0.94  1132
+2.5% 見送り 368    0.00     3.04 -1119
  +3%  寄り 244    3.35     3.35     0
  +3%  場中 404    1.61    -1.35  1197
  +3% 見送り 415    0.00     2.98 -1235
  +4%  寄り 189    3.44     3.44     0
  +4%  場中 353    1.70    -1.72  1208
  +4% 見送り 521    0.00     2.81 -1462
  +5%  寄り 158    3.79     3.79     0
  +5%  場中 308    1.82    -2.22  1244
  +5% 見送り 597    0.00     2.66 -1589

■ 寄りの位置(前日終値比%)ごとの件数・寄り→高値の中央値・寄成の1玉損益%
            件数  高値まで中央値  高値まで75点  寄成損益平均   寄成勝率
寄り前終比                                          
(-99, -3]  116     4.88    10.46    0.97  57.76
(-3, -1]   242     3.60     6.13    0.45  54.96
(-1, 0]    186     2.81     5.64    1.34  62.37
(0, 1]     108     2.98     5.12    0.87  62.96
(1, 2]     107     3.18     6.64    1.07  62.62
(2, 3]      60     3.29     6.80    1.46  66.67
(3, 5]      85     4.11     9.02    2.54  69.41
(5, 99]    159     4.83     8.41    3.60  61.64
