[base] 現行: 勝率55.4% PF1.22 年+591,472円 勝ち11/11 前半+3,126,160 後半+3,380,030 撃つ日2,211日

============================================================================================================================================
① 年平均（円）　※ * = 両期間とも現行超え
============================================================================================================================================
  ATR＼乖離                 なし          0%+          5%+         10%+         12%+         15%+         18%+         20%+         25%+
  なし               +591,472     +547,526     +511,912     +516,215     +557,621     +521,045     +453,055     +405,905     +406,616
  3.0%+            +594,435     +557,647     +505,966     +534,617     +557,496     +531,437     +457,826     +406,139     +405,098
  4.0%+            +606,980     +615,447     +590,859     +622,163    *+635,127     +564,400     +501,160     +456,521     +427,882
  4.5%+            +592,951    *+623,223     +589,598     +625,971     +633,758     +583,735     +534,725     +461,385     +424,265
  5.0%+            +616,910    *+656,852     +637,276    *+647,119    *+674,435    *+627,303     +555,131     +493,634     +438,770
  5.5%+            +588,341     +599,417     +593,586     +584,996     +607,202     +578,688     +524,162     +455,215     +380,155
  6.0%+            +491,080     +535,317     +544,778     +553,092     +574,098     +550,888     +496,245     +448,943     +362,788
  7.0%+            +420,776     +435,776     +472,417     +490,945     +498,542     +474,444     +424,201     +392,506     +347,083

[cost] 往復0.15%込みの現行: 勝率54.6% PF1.12 年+353,651円 勝ち10/11 前半+1,752,010 後半+2,138,149

============================================================================================================================================
①-2 年平均（円・往復0.15%込み）　※ * = 両期間とも現行(同コスト)超え
============================================================================================================================================
  ATR＼乖離                 なし          0%+          5%+         10%+         12%+         15%+         18%+         20%+         25%+
  なし               +353,651     +318,901     +294,528     +322,728     +378,332     +365,590     +320,758     +288,346     +320,591
  3.0%+           *+367,121     +341,806     +302,403     +352,350     +386,772     +381,579     +328,331     +289,970     +319,265
  4.0%+            +403,815    *+426,649     +414,040    *+464,730    *+486,630    *+432,034     +384,203     +350,524     +346,392
  4.5%+            +405,841    *+452,503    *+430,761    *+484,482    *+499,246    *+463,158    *+427,960    *+363,346     +348,053
  5.0%+            +446,225    *+504,673    *+495,783    *+521,895    *+555,752    *+520,052    *+459,609    *+405,751     +369,006
  5.5%+            +434,422    *+465,208    *+469,341    *+474,912    *+502,553    *+483,592    *+439,237     +376,347     +316,864
  6.0%+            +356,299    *+420,295    *+438,768    *+459,323    *+485,012    *+469,571    *+423,146    *+381,152     +307,910
  7.0%+            +317,737     +351,239     +395,199     +422,304     +433,059     +414,358     +369,684     +341,895     +304,883

============================================================================================================================================
①-3 勝ち年（/11・往復0.15%込み）
============================================================================================================================================
  ATR＼乖離                 なし          0%+          5%+         10%+         12%+         15%+         18%+         20%+         25%+
  なし                     10            8            9            9           10           10           10           10           10
  3.0%+                  11            9            9            9           10           10           10           10           10
  4.0%+                  11           11           10           10           10           10           10           10           11
  4.5%+                  10           11           10           10           10           10           10           10           10
  5.0%+                   9           11           10           10           10           10           10           10           10
  5.5%+                   9           10           10           10           10           10           10           10           10
  6.0%+                   9           10           10           10           10           10           10           10            9
  7.0%+                  10           10           10           10           10           10           10            9           10

============================================================================================================================================
② 勝率（%）
============================================================================================================================================
  ATR＼乖離                 なし          0%+          5%+         10%+         12%+         15%+         18%+         20%+         25%+
  なし                   55.4         54.9         54.8         55.0         55.5         55.7         55.8         56.0         58.1
  3.0%+                55.4         55.1         55.1         55.4         55.8         56.1         56.1         56.2         58.1
  4.0%+                56.3         56.6         56.6         57.2         57.4         57.4         57.3         57.2         58.7
  4.5%+                56.6         57.0         57.2         58.0         58.2         58.4         58.3         57.7         59.2
  5.0%+                57.4         58.1         58.4         59.2         59.6         59.7         59.4         58.9         59.7
  5.5%+                57.7         58.5         59.2         59.8         60.3         60.2         60.2         59.4         59.5
  6.0%+                56.6         58.0         59.2         60.2         60.7         60.7         61.1         60.6         60.8
  7.0%+                56.2         57.5         59.4         60.7         61.4         61.6         61.6         61.6         62.1

============================================================================================================================================
③ PF
============================================================================================================================================
  ATR＼乖離                 なし          0%+          5%+         10%+         12%+         15%+         18%+         20%+         25%+
  なし                   1.22         1.21         1.20         1.23         1.27         1.28         1.26         1.26         1.33
  3.0%+                1.22         1.22         1.21         1.25         1.28         1.29         1.27         1.26         1.33
  4.0%+                1.25         1.27         1.27         1.32         1.35         1.34         1.32         1.32         1.36
  4.5%+                1.25         1.29         1.29         1.36         1.38         1.38         1.37         1.34         1.37
  5.0%+                1.29         1.34         1.36         1.42         1.45         1.46         1.44         1.41         1.44
  5.5%+                1.31         1.34         1.37         1.42         1.45         1.47         1.46         1.41         1.40
  6.0%+                1.28         1.35         1.39         1.44         1.48         1.51         1.50         1.47         1.44
  7.0%+                1.30         1.37         1.44         1.52         1.55         1.58         1.56         1.55         1.54

============================================================================================================================================
④ 前半 2016-21（円）
============================================================================================================================================
  ATR＼乖離                 なし          0%+          5%+         10%+         12%+         15%+         18%+         20%+         25%+
  なし             +3,126,160   +2,518,580   +2,101,520   +2,050,670   +2,474,120   +2,556,790   +2,401,980   +2,238,700   +2,333,340
  3.0%+          +3,098,760   +2,499,780   +1,981,230   +2,147,170   +2,477,380   +2,584,610   +2,387,680   +2,241,440   +2,318,340
  4.0%+          +3,526,940   +2,971,090   +2,607,380   +2,887,560   +3,174,570   +3,037,020   +2,766,400   +2,521,630   +2,444,010
  4.5%+          +3,657,790   +3,149,610   +2,701,330   +2,896,320   +3,026,230   +3,006,760   +2,740,090   +2,361,910   +2,129,510
  5.0%+          +3,771,690   +3,425,870   +3,098,650   +3,236,150   +3,404,510   +3,251,590   +2,890,720   +2,484,810   +2,105,370
  5.5%+          +3,580,800   +2,994,600   +2,748,610   +2,877,280   +3,115,850   +2,854,000   +2,540,730   +2,180,120   +1,874,200
  6.0%+          +3,065,580   +2,637,510   +2,610,250   +2,817,080   +3,040,410   +2,898,390   +2,530,710   +2,231,050   +1,872,330
  7.0%+          +1,659,560   +1,317,420   +1,608,520   +1,819,480   +1,935,350   +1,753,990   +1,530,920   +1,439,180   +1,450,320

============================================================================================================================================
⑤ 後半 2022-26（円）
============================================================================================================================================
  ATR＼乖離                 なし          0%+          5%+         10%+         12%+         15%+         18%+         20%+         25%+
  なし             +3,380,030   +3,504,210   +3,529,510   +3,627,700   +3,659,710   +3,174,700   +2,581,620   +2,226,250   +2,139,440
  3.0%+          +3,440,030   +3,634,340   +3,584,400   +3,733,620   +3,655,080   +3,261,200   +2,648,410   +2,226,090   +2,137,740
  4.0%+          +3,149,840   +3,798,830   +3,892,070   +3,956,230   +3,811,830   +3,171,380   +2,746,360   +2,500,100   +2,262,690
  4.5%+          +2,864,670   +3,705,840   +3,784,250   +3,989,360   +3,945,110   +3,414,320   +3,141,890   +2,713,330   +2,537,410
  5.0%+          +3,014,320   +3,799,500   +3,911,390   +3,882,160   +4,014,270   +3,648,740   +3,215,720   +2,945,160   +2,721,100
  5.5%+          +2,890,950   +3,598,990   +3,780,840   +3,557,680   +3,563,370   +3,511,570   +3,225,050   +2,827,240   +2,307,500
  6.0%+          +2,336,300   +3,250,980   +3,382,310   +3,266,930   +3,274,670   +3,161,380   +2,927,980   +2,707,320   +2,118,340
  7.0%+          +2,968,980   +3,476,120   +3,588,070   +3,580,910   +3,548,610   +3,464,890   +3,135,290   +2,878,390   +2,367,590

============================================================================================================================================
⑥ 勝ち年（/11）
============================================================================================================================================
  ATR＼乖離                 なし          0%+          5%+         10%+         12%+         15%+         18%+         20%+         25%+
  なし                     11           11           11           11           10           10           10           10           11
  3.0%+                  11           11           10           10           10           11           10           10           11
  4.0%+                  11           11           10           10           10           10           10           10           11
  4.5%+                  11           11           10           10           10           10           10           10           11
  5.0%+                  11           11           10           11           11           11           10           11           11
  5.5%+                  11           10           10           10           10           10           10           10           10
  6.0%+                   9           10           10           10           10           10           10           10           10
  7.0%+                  10           10           10           10           10           10           10           10           10

============================================================================================================================================
⑦ 撃つ日数
============================================================================================================================================
  ATR＼乖離                 なし          0%+          5%+         10%+         12%+         15%+         18%+         20%+         25%+
  なし                  2,211        2,157        2,089        1,938        1,840        1,651        1,469        1,349        1,056
  3.0%+               2,153        2,080        2,004        1,864        1,776        1,607        1,445        1,337        1,054
  4.0%+               1,988        1,886        1,802        1,666        1,595        1,464        1,345        1,244        1,014
  4.5%+               1,869        1,757        1,679        1,546        1,476        1,365        1,253        1,167          964
  5.0%+               1,752        1,620        1,542        1,409        1,350        1,247        1,143        1,066          892
  5.5%+               1,623        1,471        1,390        1,275        1,225        1,136        1,044          975          822
  6.0%+               1,448        1,288        1,212        1,109        1,066          989          914          853          722
  7.0%+               1,174          996          922          843          816          761          707          662          567

============================================================================================================================================
⑧ 本数との相互作用（ATR5%＋乖離15%）
============================================================================================================================================
  本数           件数    撃つ日      勝率     PF         年平均    勝ち年          前半          後半
  上位1本      1247   1247   59.6%   1.50   +486,676円   11/11 +2,374,220円 +2,979,220円
  上位2本      1825   1247   59.7%   1.46   +627,303円   11/11 +3,251,590円 +3,648,740円
  上位3本      2104   1247   59.5%   1.43   +667,717円   10/11 +3,285,140円 +4,059,750円
  上位4本      2255   1247   59.0%   1.40   +680,859円   10/11 +3,350,470円 +4,138,980円
  上位5本      2344   1247   58.9%   1.39   +689,027円   11/11 +3,422,450円 +4,156,850円

============================================================================================================================================
⑨ コスト振り（往復・%）
============================================================================================================================================
  コスト                 現行 年平均       現行 勝率         ATR5×乖離15 年平均      ATR5×乖離15 勝率
  0.00%            +591,472円       55.4%             +627,303円             59.7%
  0.05%            +512,198円       55.2%             +591,553円             59.6%
  0.10%            +432,924円       55.0%             +555,802円             59.3%
  0.20%            +274,377円       54.1%             +484,302円             59.0%
  0.30%            +115,830円       52.9%             +412,802円             58.2%

============================================================================================================================================
⑩ 上位の日・銘柄を除いても残るか
============================================================================================================================================
  現行               全体 +6,506,190円 / 上位3日除去 +6,039,890円（ 92.8%残）/ 上位3銘柄除去 +5,464,390円（ 84.0%残）
  ATR5%×乖離15%      全体 +6,900,330円 / 上位3日除去 +6,449,030円（ 93.5%残）/ 上位3銘柄除去 +5,996,730円（ 86.9%残）

============================================================================================================================================
⑪ 年別・月別（ATR5%×乖離15%）
============================================================================================================================================
       年                  現行             ATR5%のみ             乖離15%のみ         ATR5%×乖離15%       ATR4.5%×乖離12%
    2016           +295,230円           +173,520円           +273,960円           +227,310円           +263,710円
    2017           +620,410円           +747,740円           +619,250円           +666,550円           +710,270円
    2018           +306,620円           +149,630円            -30,800円            +22,740円            -96,030円
    2019           +721,440円           +776,360円           +492,280円           +611,200円           +637,850円
    2020           +978,120円           +525,710円           +649,840円           +699,580円           +781,260円
    2021           +204,340円         +1,052,910円           +552,260円         +1,024,210円           +729,170円
    2022         +1,127,470円           +910,420円           +805,430円           +866,310円         +1,017,470円
    2023           +460,790円           +864,360円           +472,700円           +764,740円           +689,040円
    2024           +324,770円           +744,520円           +594,580円           +729,640円           +835,960円
    2025           +692,360円           +450,190円           +644,070円           +461,830円           +777,190円
    2026           +774,640円           +830,010円           +657,920円           +826,220円           +625,450円
       計         +6,506,190円         +7,225,370円         +5,731,490円         +6,900,330円         +6,971,340円
      勝率               55.4%               58.1%               55.7%               59.7%               58.2%
     撃つ日              2,211日              1,620日              1,651日              1,247日              1,476日
     最悪月           -301,280円           -360,990円           -309,010円           -271,290円           -356,590円

  ■ ATR5%×乖離15% の月別ワースト5
    2026-01    -271,290円
    2017-05    -184,100円
    2022-11    -160,100円
    2025-05    -150,850円
    2020-09    -150,300円

  ■ 撃たない日が増える影響: 現行2,211日 → 1,247日 （10年で964日ぶん機会が減る＝年88日）
