セル数 128  net>0のセル 3  勝ち年過半かつnet>0 1
side  hold  tp  sl    n  gross    net    win    pf  yrs_pos  yrs     h1     h2  net_yr
買い反発    48 999   8 3428  0.294  0.084 45.741 1.034        5   11 -0.126  0.260  27.033
買い反発    48 999 999 3428  0.270  0.060 49.562 1.020        5   11 -0.087  0.182  19.192
買い反発    48 999   2 3428  0.224  0.014 29.288 1.010        6   11 -0.104  0.112   4.459
買い反発    48 999   4 3428  0.198 -0.012 39.090 0.994        4   11 -0.126  0.083  -3.862
買い反発    24 999   8 3832  0.169 -0.041 46.477 0.979        3   11 -0.178  0.074 -14.723
買い反発    48   8   8 3428  0.164 -0.046 49.446 0.979        4   11 -0.134  0.028 -14.703
買い反発    48   4   8 3428  0.147 -0.063 56.797 0.965        4   11 -0.097 -0.035 -20.235
買い反発    24 999 999 3832  0.140 -0.070 48.982 0.968        3   11 -0.125 -0.025 -25.212
買い反発    24 999   2 3832  0.133 -0.077 33.847 0.939        3   11 -0.174  0.004 -27.651
買い反発    48   2 999 3428  0.116 -0.094 71.645 0.928        2   11 -0.064 -0.119 -30.112
買い反発    24 999   4 3832  0.113 -0.097 41.936 0.941        2   11 -0.160 -0.045 -34.894
買い反発    24   8   8 3832  0.091 -0.119 48.591 0.934        2   11 -0.146 -0.096 -42.446
--- 買い/売り別 gross平均$/回 ---
      gross    net     win     pf
side                             
売り反発 -0.005 -0.215  47.063  0.827
買い反発  0.059 -0.151  47.535  0.869
